3,2
3,1
3,3
10,158
10,226
10,138
10,134
10,282
10,184
11,18
11,4
11,6
8,9
8,5
8,12
8,2
8,3
51,4
51,3
51,2
51,1
51,0
50,3
50,2
50,1
50,0
49,3
49,2
49,1
49,0
48,5
48,4
48,3
48,2
48,1
48,0
47,4
47,3
47,2
47,1
47,0
45,5
45,4
45,3
45,2
45,1
45,0
42,5
42,4
42,3
42,2
42,1
42,0
40,5
40,4
40,3
40,2
40,1
40,0
31,5
31,1
28,3
28,1
20,3
20,2
20,1
19,3
19,2
19,1
18,3
18,1
12,3
12,2
12,1
11,28
11,24
11,20
11,16
11,14
14,1
11,12
14,3
11,10
13,1
11,8
11,3
13,3
11,2
11,1
10,310
10,286
10,274
10,268
10,212
10,192
10,156
10,146
10,126
10,112
10,98
10,90
10,74
10,70
10,26
10,18
10,3
